#gene_ids	1	2	3	4	5	6	7	8	9	10	11	12	13	14	15	16	17	18	19	20	21	22	23
c35_g1	0.00	0.00	0.00	0.00	0.00	0.00	0.00	0.00	0.00	0.00	0.00	0.00	0.00	0.00	0.00	0.00	0.00	5.00	0.00	0.00	0.00	5.00	0.00
c25_g1	0.00	0.00	0.00	0.00	3.00	6.00	1.00	0.00	0.00	0.00	0.00	0.00	0.00	0.00	0.00	0.00	0.00	0.00	0.00	0.00	0.00	0.00	0.00
c249_g1	1.00	0.00	11.00	5.00	0.00	0.00	5.00	0.00	0.00	0.00	0.00	0.00	1.00	1.00	0.00	0.00	0.00	0.00	0.00	0.00	0.00	0.00	0.00
c260_g1	0.00	0.00	0.00	0.00	2.00	1.00	0.00	0.00	0.00	2.00	3.00	0.00	0.00	0.00	0.00	2.00	6.00	0.00	2.00	2.00	4.00	2.00	17.00
c72_g1	5.00	1.00	0.00	0.00	2.00	4.00	0.00	0.00	2.00	1.00	0.00	0.00	0.00	2.00	0.00	0.00	2.00	0.00	0.00	0.00	1.00	0.00	0.00
c20_g1	3.00	2.00	0.00	0.00	0.00	0.00	0.00	0.00	0.00	0.00	0.00	0.00	0.00	0.00	0.00	0.00	2.00	0.00	0.00	2.00	0.00	1.00	0.00
c144_g1	0.00	0.00	8.00	0.00	0.00	0.00	0.00	0.00	0.00	0.00	0.00	0.00	0.00	0.00	0.00	0.00	0.00	4.00	1.00	0.00	0.00	3.00	0.00
c234_g1	0.00	0.00	0.00	0.00	0.00	0.00	1.00	0.00	0.00	0.00	0.00	0.00	0.00	0.00	0.00	0.00	2.00	0.00	0.00	0.00	0.00	2.00	0.00
c79_g1	0.00	0.00	0.00	0.00	0.00	0.00	0.00	0.00	0.00	0.00	0.00	0.00	0.00	0.00	0.00	1.00	0.00	0.00	4.00	1.00	4.00	0.00	16.00
c16_g1	0.00	0.00	0.00	37.00	0.00	0.00	0.00	0.00	0.00	0.00	0.00	0.00	0.00	0.00	0.00	0.00	12.00	0.00	0.00	0.00	0.00	0.00	0.00
c99_g1	0.00	0.00	0.00	0.00	0.00	0.00	0.00	0.00	2.00	1.00	0.00	0.00	0.00	0.00	0.00	0.00	1.00	0.00	0.00	0.00	2.00	0.00	0.00
c126_g1	0.00	0.00	0.00	0.00	0.00	0.00	0.00	0.00	0.00	0.00	1.00	0.00	0.00	0.00	0.00	0.00	0.00	5.00	0.00	1.00	0.00	0.00	0.00
c256_g1	0.00	0.00	1.00	54.00	0.00	0.00	3.00	0.00	0.00	0.00	0.00	0.00	0.00	0.00	0.00	0.00	0.00	0.00	0.00	0.00	0.00	0.00	0.00
c183_g1	0.00	0.00	0.00	0.00	0.00	0.00	0.00	0.00	0.00	0.00	0.00	0.00	0.00	0.00	0.00	0.00	1.00	4.00	0.00	0.00	1.00	0.00	0.00
c213_g1	2.00	0.00	0.00	0.00	0.00	0.00	3.00	0.00	0.00	0.00	0.00	3.00	0.00	0.00	0.00	0.00	0.00	0.00	0.00	0.00	0.00	0.00	0.00
c59_g1	0.00	0.00	0.00	0.00	0.00	0.00	0.00	0.00	0.00	0.00	4.00	0.00	0.00	2.00	0.00	0.00	0.00	0.00	0.00	0.00	0.00	0.00	0.00
c197_g1	0.00	0.00	0.00	0.00	0.00	0.00	0.00	0.00	1.00	0.00	0.00	2.00	2.00	1.00	0.00	0.00	0.00	0.00	0.00	0.00	0.00	0.00	0.00
c232_g1	0.00	0.00	0.00	0.00	0.00	0.00	0.00	0.00	0.00	0.00	0.00	0.00	0.00	6.00	0.00	0.00	0.00	0.00	0.00	0.00	0.00	0.00	0.00
c2_g1	0.00	0.00	0.00	0.00	0.00	0.00	0.00	4.00	0.00	0.00	1.00	0.00	0.00	0.00	0.00	0.00	0.00	0.00	0.00	0.00	0.00	0.00	14.00
c199_g1	0.00	0.00	0.00	0.00	0.00	0.00	0.00	0.00	0.00	0.00	0.00	0.00	0.00	0.00	0.00	0.00	1.00	1.00	0.00	0.00	0.00	3.00	0.00
c186_g2	2.00	4.00	2.00	10.00	4.00	3.00	3.00	0.00	0.00	4.00	0.00	0.00	0.00	0.00	0.00	0.00	0.00	0.00	0.00	0.00	0.00	0.00	0.00
c9_g1	0.00	0.00	3.00	0.00	1.00	0.00	4.00	0.00	0.00	0.00	0.00	0.00	0.00	0.00	0.00	0.00	0.00	3.00	0.00	0.00	0.00	0.00	0.00
c8_g1	0.00	0.00	0.00	0.00	0.00	0.00	0.00	0.00	4.00	2.00	0.00	1.00	1.00	0.00	0.00	5.00	0.00	0.00	0.00	1.00	1.00	0.00	0.00
c64_g1	3.00	0.00	0.00	0.00	0.00	1.00	0.00	0.00	1.00	2.00	0.00	0.00	0.00	0.00	0.00	1.00	1.00	0.00	0.00	0.00	0.00	0.00	0.00
c141_g1	0.00	6.00	0.00	9.00	0.00	0.00	0.00	0.00	0.00	0.00	0.00	0.00	0.00	0.00	2.00	0.00	0.00	1.00	0.00	0.00	0.00	0.00	0.00
c3_g1	0.00	5.00	0.00	0.00	2.00	2.00	0.00	0.00	1.00	3.00	0.00	0.00	2.00	0.00	0.00	0.00	1.00	0.00	0.00	0.00	0.00	0.00	0.00
c202_g1	0.00	0.00	0.00	0.00	0.00	0.00	0.00	0.00	0.00	1.00	0.00	0.00	5.00	3.00	0.00	0.00	0.00	0.00	0.00	0.00	0.00	0.00	0.00
c257_g1	0.00	2.00	1.00	21.00	0.00	3.00	0.00	0.00	0.00	0.00	0.00	0.00	0.00	0.00	0.00	0.00	0.00	0.00	0.00	0.00	0.00	0.00	16.00
c221_g1	2.00	5.00	1.00	0.00	4.00	4.00	0.00	0.00	0.00	0.00	0.00	0.00	0.00	0.00	0.00	0.00	0.00	0.00	0.00	2.00	0.00	0.00	0.00
c170_g1	0.00	1.00	2.00	9.00	0.00	6.00	0.00	1.00	0.00	0.00	0.00	0.00	0.00	0.00	0.00	1.00	1.00	0.00	0.00	2.00	0.00	0.00	0.00
c112_g1	2.00	0.00	0.00	24.00	0.00	2.00	4.00	0.00	0.00	0.00	0.00	0.00	0.00	0.00	0.00	0.00	0.00	0.00	0.00	0.00	0.00	0.00	0.00
c44_g1	0.00	0.00	0.00	0.00	0.00	0.00	0.00	0.00	0.00	0.00	0.00	3.00	0.00	0.00	0.00	0.00	0.00	0.00	0.00	0.00	0.00	0.00	0.00
c116_g1	6.00	0.00	3.00	62.00	9.00	4.00	0.00	13.00	0.00	0.00	0.00	0.00	0.00	0.00	0.00	0.00	0.00	0.00	0.00	0.00	0.00	0.00	0.00
c144_g2	0.00	0.00	0.00	0.00	0.00	0.00	0.00	0.00	0.00	0.00	0.00	0.00	0.00	0.00	0.00	0.00	0.00	2.00	0.00	0.00	0.00	3.00	0.00
c193_g1	0.00	0.00	0.00	0.00	0.00	0.00	0.00	0.00	31.00	0.00	0.00	0.00	0.00	0.00	0.00	0.00	0.00	0.00	0.00	0.00	0.00	0.00	0.00
c15_g1	0.00	0.00	1.00	5.00	0.00	0.00	0.00	0.00	0.00	0.00	0.00	2.00	0.00	0.00	0.00	1.00	0.00	0.00	0.00	1.00	1.00	0.00	0.00
c82_g1	1.00	1.00	0.00	0.00	0.00	0.00	0.00	0.00	0.00	1.00	3.00	1.00	2.00	0.00	0.00	1.00	0.00	0.00	0.00	1.00	2.00	0.00	0.00
c186_g1	9.00	6.00	4.00	0.00	7.00	6.00	2.00	0.00	0.00	1.00	0.00	0.00	0.00	0.00	0.00	0.00	0.00	0.00	0.00	0.00	0.00	0.00	0.00
c94_g1	0.00	0.00	0.00	0.00	0.00	0.00	0.00	0.00	2.00	3.00	0.00	2.00	4.00	0.00	0.00	0.00	0.00	0.00	0.00	0.00	0.00	0.00	0.00
c49_g1	0.00	0.00	0.00	0.00	0.00	0.00	0.00	0.00	1.00	1.00	2.00	0.00	0.00	2.00	0.00	0.00	0.00	0.00	0.00	0.00	0.00	0.00	0.00
c123_g1	0.00	0.00	0.00	4.00	0.00	1.00	0.00	0.00	0.00	0.00	4.00	0.00	2.00	0.00	0.00	0.00	0.00	0.00	0.00	0.00	0.00	0.00	0.00
c258_g1	0.00	0.00	0.00	0.00	0.00	0.00	0.00	0.00	2.00	3.00	0.00	7.00	3.00	0.00	0.00	0.00	0.00	0.00	0.00	0.00	0.00	0.00	0.00
c103_g1	0.00	0.00	0.00	0.00	0.00	0.00	0.00	0.00	1.00	4.00	2.00	3.00	8.00	3.00	5.00	1.00	0.00	0.00	0.00	0.00	0.00	0.00	0.00
c174_g1	0.00	0.00	0.00	0.00	2.00	2.00	0.00	0.00	2.00	1.00	0.00	3.00	2.00	1.00	0.00	0.00	1.00	0.00	0.00	2.00	1.00	2.00	0.00
c254_g1	0.00	0.00	0.00	0.00	0.00	0.00	0.00	0.00	1.00	4.00	0.00	2.00	4.00	0.00	0.00	0.00	0.00	0.00	0.00	0.00	0.00	0.00	0.00
c80_g1	0.00	0.00	1.00	0.00	0.00	0.00	0.00	1.00	0.00	0.00	2.00	0.00	0.00	3.00	0.00	1.00	0.00	0.00	1.00	0.00	0.00	1.00	0.00
c27_g1	1.00	10.00	8.00	28.00	3.00	0.00	6.00	0.00	0.00	0.00	0.00	0.00	0.00	0.00	0.00	0.00	0.00	0.00	0.00	0.00	0.00	0.00	0.00
c89_g1	0.00	0.00	0.00	0.00	0.00	0.00	0.00	6.00	0.00	0.00	0.00	0.00	0.00	0.00	5.00	0.00	0.00	0.00	0.00	0.00	0.00	0.00	13.00
c12_g1	4.00	1.00	2.00	0.00	1.00	0.00	0.00	0.00	1.00	3.00	0.00	6.00	2.00	1.00	0.00	1.00	1.00	1.00	0.00	6.00	4.00	2.00	0.00
c87_g1	0.00	0.00	0.00	0.00	0.00	0.00	0.00	0.00	24.00	66.00	0.00	25.00	35.00	5.00	0.00	1.00	1.00	0.00	0.00	0.00	1.00	0.00	0.00
c30_g1	0.00	0.00	0.00	0.00	0.00	0.00	0.00	0.00	0.00	0.00	2.00	2.00	2.00	1.00	0.00	0.00	0.00	0.00	0.00	0.00	0.00	0.00	0.00
c168_g1	0.00	0.00	0.00	0.00	0.00	0.00	0.00	0.00	0.00	0.00	0.00	0.00	0.00	0.00	0.00	2.00	0.00	0.00	3.00	0.00	2.00	3.00	0.00
c191_g1	1.00	0.00	0.00	16.00	0.00	0.00	0.00	0.00	0.00	0.00	0.00	0.00	0.00	0.00	0.00	3.00	0.00	2.00	0.00	0.00	1.00	2.00	0.00
c132_g1	0.00	0.00	2.00	0.00	3.00	0.00	3.00	0.00	0.00	3.00	0.00	2.00	0.00	2.00	0.00	0.00	0.00	1.00	0.00	2.00	0.00	0.00	0.00
c246_g1	0.00	0.00	3.00	29.00	0.00	0.00	1.00	11.00	0.00	0.00	0.00	0.00	0.00	0.00	0.00	0.00	0.00	0.00	0.00	0.00	0.00	0.00	0.00
c54_g1	0.00	0.00	0.00	0.00	0.00	0.00	0.00	0.00	0.00	0.00	0.00	0.00	0.00	0.00	0.00	3.00	3.00	0.00	0.00	1.00	1.00	0.00	0.00
c190_g1	1.00	2.00	1.00	46.00	4.00	1.00	5.00	2.00	0.00	0.00	0.00	0.00	0.00	0.00	0.00	0.00	0.00	0.00	0.00	0.00	0.00	0.00	0.00
c150_g1	1.00	0.00	0.00	0.00	1.00	1.00	0.00	0.00	7.00	5.00	1.00	6.00	5.00	0.00	3.00	5.00	1.00	0.00	1.00	9.00	3.00	6.00	0.00
c111_g1	0.00	1.00	2.00	7.00	0.00	0.00	0.00	0.00	0.00	0.00	0.00	0.00	0.00	0.00	0.00	0.00	0.00	0.00	0.00	0.00	0.00	0.00	0.00
c71_g1	1.00	0.00	0.00	0.00	1.00	0.00	0.00	0.00	4.00	0.00	0.00	3.00	2.00	0.00	0.00	2.00	1.00	0.00	0.00	1.00	0.00	0.00	0.00
c91_g1	6.00	0.00	1.00	0.00	3.00	2.00	0.00	0.00	4.00	1.00	0.00	4.00	1.00	0.00	0.00	0.00	0.00	0.00	0.00	0.00	0.00	0.00	0.00
c214_g1	0.00	0.00	0.00	0.00	0.00	0.00	0.00	0.00	6.00	2.00	2.00	0.00	1.00	0.00	0.00	0.00	0.00	0.00	0.00	0.00	0.00	0.00	0.00
c97_g1	0.00	3.00	0.00	8.00	6.00	5.00	3.00	4.00	0.00	0.00	0.00	0.00	0.00	0.00	0.00	0.00	0.00	0.00	0.00	0.00	0.00	0.00	0.00
c145_g1	0.00	0.00	0.00	0.00	0.00	0.00	0.00	0.00	10.00	5.00	8.00	9.00	8.00	1.00	9.00	0.00	0.00	0.00	0.00	0.00	0.00	0.00	0.00
c5_g1	0.00	0.00	0.00	0.00	0.00	0.00	0.00	0.00	0.00	0.00	0.00	0.00	0.00	0.00	0.00	3.00	1.00	4.00	0.00	0.00	0.00	0.00	0.00
c189_g1	1.00	0.00	1.00	32.00	4.00	0.00	1.00	0.00	6.00	4.00	0.00	6.00	7.00	2.00	0.00	0.00	0.00	0.00	0.00	1.00	1.00	0.00	0.00
c138_g1	0.00	0.00	0.00	0.00	0.00	0.00	0.00	0.00	0.00	0.00	0.00	0.00	0.00	0.00	0.00	0.00	0.00	1.00	0.00	1.00	1.00	0.00	17.00
c135_g1	1.00	3.00	0.00	14.00	0.00	0.00	0.00	0.00	0.00	0.00	0.00	0.00	0.00	0.00	0.00	0.00	0.00	0.00	0.00	0.00	0.00	0.00	0.00
c203_g1	0.00	0.00	0.00	0.00	0.00	0.00	0.00	0.00	0.00	0.00	0.00	0.00	0.00	0.00	0.00	0.00	0.00	2.00	4.00	0.00	2.00	0.00	293.00
c158_g1	1.00	1.00	0.00	4.00	1.00	1.00	2.00	5.00	0.00	0.00	0.00	0.00	0.00	0.00	0.00	0.00	0.00	0.00	0.00	0.00	0.00	0.00	0.00
